60
0.75
48
0.5
0
16
0
26.5
62
1
43
1
48
16.5
52
27
64
1.75
48
1.5
0
17
52
28
60
2
43
2
48
17.5
0
32
64
2.5
48
2.5
0
18
48
34
60
3
43
3
48
18.5
0
0
64
4
48
3.5
0
19
0
0
62
4.75
43
4
48
19.5
0
0
64
5
50
4.5
0
20
0
0
65
5.25
43
5
50
20.5
0
0
65
5.5
50
5.5
0
21
0
0
64
5.75
43
6
50
21.5
0
0
62
6
50
6.5
0
22
0
0
65
8
43
7
50
22.5
0
0
64
8.75
45
7.5
0
23
0
0
65
9
47
8
50
23.5
0
0
67
9.75
48
8.5
0
24
0
0
64
10
43
9
52
24.5
0
0
67
10.5
48
9.5
0
25
0
0
64
11
43
10
52
25.5
0
0
67
12
48
10.5
0
26.5
0
0
65
12.75
43
11
57
27
0
0
67
13
48
11.5
57
28
0
0
69
13.25
52
12
65
28.5
0
0
69
13.5
53
12.5
0
29
0
0
67
13.75
48
13
67
29.5
0
0
65
14
53
13.5
0
30
0
0
69
16
48
14
60
30.5
0
0
67
16.75
53
14.5
55
31
0
0
60
17
48
15
52
31.5
0
0
62
17.25
50
15.5
50
32
0
0
64
17.5
53
16
52
34
0
0
65
17.75
52
16.5
0
35
0
0
67
18
55
17
48
36
0
0
69
20
52
17.5
0
0
0
0
69
20.75
55
18
0
0
0
0
62
21
53
18.5
0
0
0
0
64
21.25
57
19
0
0
0
0
66
21.5
53
19.5
0
0
0
0
67
21.75
57
20
0
0
0
0
69
22
54
20.5
0
0
0
0
71
24
57
21
0
0
0
0
71
24.75
54
21.5
0
0
0
0
64
25
57
22
0
0
0
0
66
25.25
55
22.5
0
0
0
0
68
25.5
59
23
0
0
0
0
69
25.75
55
23.5
0
0
0
0
71
26
59
24
0
0
0
0
72
27.5
56
24.5
0
0
0
0
72
27.75
59
25
0
0
0
0
71
28
56
25.5
0
0
0
0
69
28.5
59
26
0
0
0
0
65
29
0
26.5
0
0
0
0
71
29.5
60
27
0
0
0
0
67
30
60
28
0
0
0
0
72
32
57
28.5
0
0
0
0
0
32.25
60
29
0
0
0
0
60
32.5
59
29.5
0
0
0
0
62
32.75
62
30
0
0
0
0
64
33
64
32
0
0
0
0
65
33.25
55
34
0
0
0
0
67
33.5
0
34.5
0
0
0
0
69
33.75
55
35
0
0
0
0
71
34
64
36
0
0
0
0
72
34.5
0
0
0
0
0
0
67
35
0
0
0
0
0
0
72
36
0
0
0
0
0
0
