60
48
0
0
62
43
48
52
64
48
0
52
60
43
48
0
64
48
0
48
60
43
48
0
64
48
0
0
62
43
48
0
64
50
0
0
65
43
50
0
65
50
0
0
64
43
50
0
62
50
0
0
65
43
50
0
64
45
0
0
65
47
50
0
67
48
0
0
64
43
52
0
67
48
0
0
64
43
52
0
67
48
0
0
65
43
57
0
67
48
57
0
69
52
65
0
69
53
0
0
67
48
67
0
65
53
0
0
69
48
60
0
67
53
55
0
60
48
52
0
62
50
50
0
64
53
52
0
65
52
0
0
67
55
48
0
69
52
0
0
69
55
0
0
62
53
0
0
64
57
0
0
66
53
0
0
67
57
0
0
69
54
0
0
71
57
0
0
71
54
0
0
64
57
0
0
66
55
0
0
68
59
0
0
69
55
0
0
71
59
0
0
72
56
0
0
72
59
0
0
71
56
0
0
69
59
0
0
65
0
0
0
71
60
0
0
67
60
0
0
72
57
0
0
0
60
0
0
60
59
0
0
62
62
0
0
64
64
0
0
65
55
0
0
67
0
0
0
69
55
0
0
71
64
0
0
72
0
0
0
67
0
0
0
72
0
0
0