0.75
36.5
88
134.5
1
37
88.5
135
1.75
37.5
89
136
2
38
89.5
140
2.5
38.5
90
142
3
39
90.5
0
4
39.5
91
0
4.75
40
91.5
0
5
40.5
92
0
5.25
41
92.5
0
5.5
41.5
93
0
5.75
42
93.5
0
6
42.5
94
0
8
43
94.5
0
8.75
43.5
95
0
9
44
95.5
0
9.75
44.5
96
0
10
45
96.5
0
10.5
45.5
97
0
11
46
97.5
0
12
46.5
98.5
0
12.75
47
99
0
13
47.5
100
0
13.25
48
100.5
0
13.5
48.5
101
0
13.75
49
101.5
0
14
49.5
102
0
16
50
102.5
0
16.75
50.5
103
0
17
51
103.5
0
17.25
51.5
104
0
17.5
52
106
0
17.75
52.5
107
0
18
53
108
0
20
53.5
0
0
20.75
54
0
0
21
54.5
0
0
21.25
55
0
0
21.5
55.5
0
0
21.75
56
0
0
22
56.5
0
0
24
57
0
0
24.75
57.5
0
0
25
58
0
0
25.25
58.5
0
0
25.5
59
0
0
25.75
59.5
0
0
26
60
0
0
27.5
60.5
0
0
27.75
61
0
0
28
61.5
0
0
28.5
62
0
0
29
62.5
0
0
29.5
63
0
0
30
64
0
0
32
64.5
0
0
32.25
65
0
0
32.5
65.5
0
0
32.75
66
0
0
33
68
0
0
33.25
70
0
0
33.5
70.5
0
0
33.75
71
0
0
34
72
0
0
34.5
0
0
0
35
0
0
0
36
0
0
0